-21 57 
-56 80 
6 81  0 1
0 106  2 0 1
-24 128 106 3 2 1 0
-52 115  1 4 0 3 2
-23 96  5 4 3 2 0 1
-17 64  0 6 5
-51 73  1 6 2
-40 64  0 1 6 8 7 1
-49 42  9 8
-41 46  9 7
-62 29  10 9 8
-75 34  12 10 9 11
-90 32  13 12 10
-107 49  13 14 12
-130 68  14 15 13
-84 57  1 8
-100 57  17 1
-106 73  18 17
-112 91  19 18 17
-137 92  20 19 18
-163 88  20 21 19
-66 62  17 18 19 8 1
-29 50  11 7 9
-21 32  24 11 7
-37 18  25 25 24 11
-23 6  26 25 25 24
-19 -11  27 26 25
10 -15  27 28 26
71 49 
59 24  30
40 24  30 31 0
23 25  32 31 30 0 7
1 38  32 0 7 33
42 163 
91 72  31 30 33
40 -18  28 29 27

29 28 27 28 133 235
27 28 26 222 80 140
26 27 25 85 225 114
25 26 24 182 91 238
24 25 11 41 161 193
11 24 9 212 139 33
9 7 24 2 103 235
37 28 28 229 148 36
29 37 28 173 48 129
16 15 13 94 10 66
15 14 16 251 83 213
15 12 14 17 135 248
13 12 15 161 145 228
22 21 20 104 76 46
20 21 19 42 1 202
19 20 18 25 165 164
18 19 17 74 36 2
17 18 1 167 164 114
1 17 23 48 123 34
23 1 8 28 22 246
36 31 30 76 206 1
30 32 31 1 244 124
31 33 32 164 205 167
32 34 33 97 126 14
33 34 0 121 194 164
0 33 7 188 141 173
13 11 12 226 116 182
12 11 8 10 199 45
8 11 9 35 163 6
9 1 8 236 171 65
9 7 0 255 152 171
0 6 9 0 60 23
9 1 6 154 229 106
6 1 5 13 21 4
5 6 4 149 171 84
4 6 3 205 123 71
3 6 2 241 198 143
2 0 6 91 214 35
6 1 5 126 169 59
5 9 1 92 194 79
