-25 87
-23 105
-5 85
-1 101
0 121
16 98
15 118
-55 106
8 151
-10 181
-71 141
-60 169
-38 189
-43 150
37 94
39 77
64 72
73 50
96 65
113 51
139 68
-19 63
-2 50
-26 34
-12 11
-36 10
-42 -13
-61 -5
-82 -15
28 85
35 68
13 55
6 70
55 67
57 42
68 30
88 26
104 41
131 25
9 34
31 27
23 4
46 7
49 -15
70 -9
86 -32
-22 164
-15 140
-33 127

7 1 32 0
10 7 38 0
11 10 31 0
12 11 30 0
9 12 29 0
8 9 36 0
4 8 32 0
1 4 30 0
8 6 34 0
14 6 31 0
0 21 25 0
7 0 36 0
1 0 18 0
6 4 15 0
48 1 25 0
13 48 25 0
46 13 25 0
47 46 25 0
48 47 22 0
4 47 26 0
8 47 27 0
9 46 22 0
12 46 29 0
11 13 26 0
10 13 30 0
7 48 30 0
3 1 22 0
4 3 19 0
5 4 28 0
5 6 20 0
3 5 19 0
2 3 17 0
1 2 27 0
0 2 20 0
2 21 26 0
14 5 21 0
29 3 32 0
3 32 31 0
5 29 20 0
15 5 33 0
14 15 18 0
16 14 34 0
17 15 44 0
18 17 27 0
16 18 33 0
17 16 23 0
15 16 25 0
19 17 41 0
18 19 21 0
20 18 42 0
19 20 32 0
2 22 35 0
24 22 39 0
26 24 39 0
28 26 40 0
27 28 24 0
25 27 29 0
23 25 26 0
21 23 31 0
22 21 22 0
23 22 29 0
24 23 26 0
25 24 24 0
26 25 25 0
27 26 21 0
32 2 19 0
30 29 19 0
5 30 34 0
33 29 32 0
35 33 36 0
37 35 35 0
38 37 30 0
36 38 42 0
34 36 29 0
30 34 34 0
33 30 20 0
34 33 27 0
35 34 22 0
36 35 25 0
37 36 22 0
31 2 34 0
40 31 32 0
42 40 25 0
44 42 30 0
45 44 28 0
43 45 41 0
41 43 33 0
39 41 33 0
32 39 35 0
31 32 18 0
39 31 21 0
40 39 23 0
41 40 24 0
42 41 23 0
43 42 23 0
44 43 22 0
8 46 34 0
9 47 41 0
11 46 38 0
12 13 39 0
47 13 29 0
48 46 38 0
10 48 40 0
7 13 45 0
4 48 35 0
47 1 36 0
47 6 38 0
48 0 41 0
11 4 78 0
12 1 85 0
8 10 81 0
9 7 87 0
48 9 59 0
10 47 55 0
46 7 65 0
8 13 52 0
47 11 53 0
12 48 61 0
46 1 59 0
4 13 53 0
47 2 56 0
5 48 58 0
21 1 42 0
22 0 44 0
23 2 55 0
24 21 52 0
25 22 52 0
26 23 50 0
27 24 51 0
28 25 52 0
42 45 57 0
41 44 49 0
40 43 46 0
39 42 45 0
31 41 50 0
32 40 49 0
2 39 53 0
3 31 48 0
1 32 45 0
1 21 42 0
14 4 44 0
5 8 54 0
2 7 54 0
15 6 47 0
16 5 54 0
17 14 56 0
18 15 57 0
19 16 53 0
20 17 68 0
15 18 57 0
35 38 63 0
34 37 48 0
33 36 54 0
30 35 51 0
29 34 52 0
5 33 51 0
30 3 49 0
4 29 46 0
12 8 59 0
11 9 51 0
10 12 58 0
7 11 63 0
1 10 59 0
4 7 58 0
8 1 56 0
9 4 61 0

28 26 27 16 248 103
27 26 25 123 67 201
25 26 24 15 186 81
24 25 23 190 143 0
23 24 22 146 84 27
22 23 21 177 102 161
21 22 2 159 200 50
2 21 0 212 227 156
0 2 1 225 202 157
1 0 7 44 144 76
20 19 18 97 47 237
18 19 17 76 251 186
17 18 16 30 211 159
16 17 15 249 240 192
15 16 14 102 50 214
14 15 5 122 53 81
5 14 6 188 26 157
6 5 4 43 248 96
4 3 5 202 19 175
5 3 29 67 48 79
29 5 30 66 240 18
30 29 33 124 96 70
33 30 34 43 106 67
34 33 35 102 254 86
35 34 36 154 35 250
36 35 37 63 199 7
37 36 38 123 138 117
45 44 43 96 155 126
43 44 42 77 8 185
42 43 41 35 191 58
41 42 40 49 195 120
40 41 39 40 211 44
39 40 31 227 153 25
31 39 32 58 240 213
32 31 2 124 139 78
2 32 3 35 202 189
3 2 1 44 250 252
4 6 8 11 28 94
4 3 1 83 8 202
4 8 9 158 75 229
9 47 4 164 133 136
1 7 10 102 0 27
10 1 48 176 228 151
10 1 7 225 28 217
48 4 1 221 190 6
4 48 47 15 137 38
47 48 46 167 46 183
46 47 9 66 53 223
9 46 12 62 206 178
46 11 12 143 151 196
46 11 13 104 231 40
13 11 10 242 159 212
10 48 13 163 38 158
13 48 46 61 155 9
8 6 4 190 58 124
