57 180
70 194
74 170
86 178
99 190
90 164
107 175
47 216
124 206
131 241
58 253
86 266
115 265
85 240
99 146
90 131
102 110
119 96
101 76
108 57
83 38
57 153
75 140
54 120
73 103
51 94
55 69
34 71
17 55
82 146
82 129
66 135
74 150
67 118
69 95
84 82
65 65
78 48
62 23
77 116
57 105
70 85
47 83
49 59
27 60
15 36
110 237
99 215
77 217
45 166
59 144
34 137
48 118
22 113
31 91
6 89
10 72
-14 63
66 147
83 154
70 127
45 125
50 101
25 98
24 72
4 54
94 154
77 135
93 122
71 110
87 92
63 86
76 64
52 51
53 26
102 39
124 28
120 56
101 68
114 88
92 102
113 123
97 134
115 156
-25 38
-5 25
124 -1
-2 34
3 24
66 3
68 -9
48 -6

7 1 32 0
10 7 38 0
11 10 31 0
12 11 30 0
9 12 29 0
8 9 36 0
4 8 32 0
1 4 30 0
8 6 34 0
14 6 31 0
0 21 25 0
7 0 36 0
1 0 18 0
6 4 15 0
48 1 25 0
13 48 25 0
46 13 25 0
47 46 25 0
48 47 22 0
4 47 26 0
8 47 27 0
9 46 22 0
12 46 29 0
11 13 26 0
10 13 30 0
7 48 30 0
3 1 22 0
4 3 19 0
5 4 28 0
5 6 20 0
3 5 19 0
2 3 17 0
1 2 27 0
0 2 20 0
2 21 26 0
14 5 21 0
29 3 32 0
3 32 31 0
5 29 20 0
15 5 33 0
14 15 18 0
16 14 34 0
17 15 44 0
18 17 27 0
16 18 33 0
17 16 23 0
15 16 25 0
19 17 41 0
18 19 21 0
20 18 42 0
19 20 32 0
2 22 35 0
24 22 39 0
26 24 39 0
28 26 40 0
27 28 24 0
25 27 29 0
23 25 26 0
21 23 31 0
22 21 22 0
23 22 29 0
24 23 26 0
25 24 24 0
26 25 25 0
27 26 21 0
32 2 19 0
30 29 19 0
5 30 34 0
33 29 32 0
35 33 36 0
37 35 35 0
38 37 30 0
36 38 42 0
34 36 29 0
30 34 34 0
33 30 20 0
34 33 27 0
35 34 22 0
36 35 25 0
37 36 22 0
31 2 34 0
40 31 32 0
42 40 25 0
44 42 30 0
45 44 28 0
43 45 41 0
41 43 33 0
39 41 33 0
32 39 35 0
31 32 18 0
39 31 21 0
40 39 23 0
41 40 24 0
42 41 23 0
43 42 23 0
44 43 22 0
8 46 34 0
9 47 41 0
11 46 38 0
12 13 39 0
47 13 29 0
48 46 38 0
10 48 40 0
7 13 45 0
4 48 35 0
47 1 36 0
47 6 38 0
48 0 41 0
11 4 78 0
12 1 85 0
8 10 81 0
9 7 87 0
48 9 59 0
10 47 55 0
46 7 65 0
8 13 52 0
47 11 53 0
12 48 61 0
46 1 59 0
4 13 53 0
47 2 56 0
5 48 58 0
21 1 42 0
22 0 44 0
23 2 55 0
24 21 52 0
25 22 52 0
26 23 50 0
27 24 51 0
28 25 52 0
42 45 57 0
41 44 49 0
40 43 46 0
39 42 45 0
31 41 50 0
32 40 49 0
2 39 53 0
3 31 48 0
1 32 45 0
1 21 42 0
14 4 44 0
5 8 54 0
2 7 54 0
15 6 47 0
16 5 54 0
17 14 56 0
18 15 57 0
19 16 53 0
20 17 68 0
15 18 57 0
35 38 63 0
34 37 48 0
33 36 54 0
30 35 51 0
29 34 52 0
5 33 51 0
30 3 49 0
4 29 46 0
12 8 59 0
11 9 51 0
10 12 58 0
7 11 63 0
1 10 59 0
4 7 58 0
8 1 56 0
9 4 61 0
55 57 33 0
56 55 17 0
54 56 29 0
55 54 26 0
53 55 28 0
54 53 23 0
52 54 34 0
53 52 27 0
51 53 27 0
52 51 23 0
50 52 29 0
51 50 25 0
49 51 29 0
50 49 25 0
57 56 26 0
63 65 48 0
64 63 26 0
62 64 38 0
63 61 33 0
63 62 25 0
62 61 24 0
60 62 32 0
61 60 25 0
58 61 31 0
60 58 21 0
59 60 28 0
59 58 20 0
64 65 28 0
72 74 43 0
73 72 27 0
71 73 36 0
72 71 25 0
70 72 30 0
71 70 24 0
69 71 25 0
70 69 24 0
68 70 31 0
69 68 25 0
67 69 26 0
68 67 20 0
66 68 30 0
67 66 25 0
74 73 26 0
82 83 30 0
81 82 20 0
80 81 30 0
79 80 26 0
78 79 25 0
77 78 23 0
75 77 25 0
76 75 25 0
78 76 46 0
77 76 28 0
79 77 32 0
81 79 33 0
83 81 29 0
80 82 36 0
78 80 37 0
75 78 29 0
79 75 50 0
80 77 54 0
81 78 56 0
82 79 50 0
83 80 58 0
52 49 47 0
53 50 49 0
54 51 46 0
55 52 52 0
56 53 42 0
54 57 55 0
61 59 48 0
62 58 49 0
63 60 53 0
64 61 56 0
65 62 66 0
69 66 49 0
70 67 46 0
71 68 47 0
72 69 47 0
73 70 54 0
74 71 61 0
66 67 25 0
66 5 15 0
67 5 31 0
3 66 20 0
67 3 44 0
68 5 43 0
3 59 23 0
2 59 19 0
58 2 25 0
60 2 43 0
3 58 37 0
2 50 31 0
49 0 17 0
2 51 52 0
49 2 29 0
50 0 35 0
5 82 33 0
83 5 26 0
6 83 17 0
82 6 42 0
57 84 27 0
56 84 50 0
45 85 25 0
44 85 48 0
75 86 47 0
86 76 30 0
55 84 60 0
77 86 57 0
28 87 28 0
26 87 67 0
87 27 52 0
64 88 52 0
88 65 30 0
63 88 76 0
19 89 67 0
89 20 40 0
18 89 81 0
37 90 59 0
90 38 33 0
90 36 75 0
73 91 57 0
91 74 33 0
72 91 76 0

28 26 27 16 248 103
27 26 25 123 67 201
25 26 24 15 186 81
24 25 23 190 143 0
23 24 22 146 84 27
22 23 21 177 102 161
21 22 2 159 200 50
2 21 0 212 227 156
0 2 1 225 202 157
1 0 7 44 144 76
20 19 18 97 47 237
18 19 17 76 251 186
17 18 16 30 211 159
16 17 15 249 240 192
15 16 14 102 50 214
14 15 5 122 53 81
5 14 6 188 26 157
6 5 4 43 248 96
4 3 5 202 19 175
5 3 29 67 48 79
29 5 30 66 240 18
30 29 33 124 96 70
33 30 34 43 106 67
34 33 35 102 254 86
35 34 36 154 35 250
36 35 37 63 199 7
37 36 38 123 138 117
45 44 43 96 155 126
43 44 42 77 8 185
42 43 41 35 191 58
41 42 40 49 195 120
40 41 39 40 211 44
39 40 31 227 153 25
31 39 32 58 240 213
32 31 2 124 139 78
2 32 3 35 202 189
3 2 1 44 250 252
4 6 8 11 28 94
4 3 1 83 8 202
4 8 9 158 75 229
9 47 4 164 133 136
1 7 10 102 0 27
10 1 48 176 228 151
10 1 7 225 28 217
48 4 1 221 190 6
4 48 47 15 137 38
47 48 46 167 46 183
46 47 9 66 53 223
9 46 12 62 206 178
46 11 12 143 151 196
46 11 13 104 231 40
13 11 10 242 159 212
10 48 13 163 38 158
13 48 46 61 155 9
8 6 4 190 58 124
49 51 50 252 110 225
50 51 52 149 200 93
52 51 53 180 123 22
53 52 54 31 176 89
54 53 55 208 7 154
55 54 56 19 137 100
56 55 57 179 153 204
65 64 63 39 246 78
63 64 62 205 200 230
62 63 61 186 84 104
61 62 60 126 251 123
60 61 58 141 31 141
58 60 59 122 52 146
66 67 68 243 92 204
68 67 69 180 193 12
69 68 70 77 175 220
70 69 71 222 151 65
71 70 72 159 180 83
72 71 73 43 211 15
73 72 74 181 139 93
75 76 77 130 126 157
77 75 78 180 225 52
78 77 79 158 130 193
79 78 80 202 146 237
80 79 81 43 212 248
81 80 82 192 93 61
82 81 83 136 214 164
66 67 5 98 25 155
5 66 3 44 236 98
59 2 58 10 54 59
2 59 3 19 218 33
59 2 58 35 100 67
50 49 2 220 29 85
2 0 49 78 164 8
82 83 5 162 236 147
5 6 83 149 74 220
56 57 84 255 246 12
44 85 45 180 39 137
86 76 75 104 23 251
28 87 26 181 99 50
88 65 64 170 77 249
20 19 89 226 213 20
90 37 38 83 115 65
74 73 91 72 159 166
